#refl thickness (cm), keff, sigma
0.0  0.847543  0.00076
2.9663157894736845  0.908851  0.00072
5.932631578947369  0.946115  0.00066
8.898947368421052  0.973839  0.00068
11.865263157894738  0.989777  0.0007
14.83157894736842  1.00071  0.0007
17.797894736842103  1.00827  0.00072
20.76421052631579  1.01253  0.00069
23.730526315789476  1.0173  0.00073
26.69684210526316  1.02058  0.00074
29.66315789473684  1.02404  0.00075
32.629473684210524  1.02433  0.00074
35.595789473684206  1.02731  0.00073
38.56210526315789  1.02806  0.00075
41.52842105263158  1.027  0.00076
44.49473684210526  1.02933  0.00081
47.461052631578944  1.02993  0.00078
50.42736842105263  1.03054  0.00079
53.39368421052631  1.02875  0.00078
56.36  1.03045  0.00079
