#refl thickness (cm), keff, sigma
0.0  0.847737  0.00076
2.9663157894736845  0.893358  0.00067
5.932631578947369  0.91673  0.00068
8.898947368421052  0.926021  0.00071
11.865263157894738  0.929462  0.00085
14.83157894736842  0.92965  0.00081
17.797894736842103  0.929491  0.00082
20.76421052631579  0.930675  0.00078
23.730526315789476  0.930708  0.00089
26.69684210526316  0.93131  0.00081
29.66315789473684  0.928971  0.00086
32.629473684210524  0.92977  0.00088
35.595789473684206  0.931327  0.00082
38.56210526315789  0.931313  0.00082
41.52842105263158  0.931312  0.00081
44.49473684210526  0.931321  0.00081
47.461052631578944  0.930205  0.0009
50.42736842105263  0.930201  0.0009
53.39368421052631  0.930192  0.0009
56.36  0.929599  0.00088
